NURSE              ROWS   DAYS    NO-STRESS     STRESS   STRESS%
-----------------------------------------------------------------
15              309,131      6       13,441    295,690     95.7%
5C              865,930      5      309,121    556,809     64.3%
6B              825,549      6      107,522    718,027     87.0%
6D              591,363      1      503,041     88,322     14.9%
7A            1,377,342     13       46,082  1,331,260     96.7%
7E              253,447      5      117,124    136,323     53.8%
83            1,372,819      8      163,204  1,209,615     88.1%
8B              423,763      5      138,243    285,520     67.4%
94              586,096      9      366,153    219,943     37.5%
BG              608,655      8       21,122    587,533     96.5%
CE              814,087      5            0    814,087    100.0%
DF              908,168      7       65,282    842,886     92.8%
E4            1,487,871     11      281,190  1,206,681     81.1%
EG              549,124      3            0    549,124    100.0%
F5              535,706     10       30,721    504,985     94.3%
-----------------------------------------------------------------